function mus_lengths = mus_lengths_quat(t,q)
qsubs0 = q(1,:);
qsubs1 = q(2,:);
qsubs2 = q(3,:);
qsubs3 = q(4,:);
qsubs4 = q(5,:);
qsubs5 = q(6,:);
qsubs6 = q(7,:);
qsubs7 = q(8,:);
qsubs8 = q(9,:);
qsubs9 = q(10,:);
qsubs10 = q(11,:);
qsubs11 = q(12,:);
qsubs12 = q(13,:);
x0 = qsubs0.*qsubs3;
x1 = 2*x0;
x2 = 2*qsubs1.*qsubs2 - x1;
x3 = qsubs5.^2;
x4 = 2*x3;
x5 = qsubs7.^2;
x6 = 2*x5 - 1;
x7 = -x4 - x6;
x8 = 0.0173650793650794*x7;
x9 = qsubs2.^2;
x10 = 2*x9;
x11 = qsubs3.^2;
x12 = 2*x11;
x13 = -x10 - x12 + 1;
x14 = 2*qsubs4;
x15 = qsubs7.*x14;
x16 = 2*qsubs5.*qsubs6 - x15;
x17 = 0.0173650793650794*x16;
x18 = qsubs0.*qsubs2;
x19 = 2*x18;
x20 = qsubs1.*qsubs3;
x21 = x19 + 2*x20;
x22 = qsubs5.*x14;
x23 = 2*qsubs6;
x24 = qsubs7.*x23 + x22;
x25 = 0.0173650793650794*x24;
x26 = qsubs5.*x23 + x15;
x27 = 0.0518095238095238*x26;
x28 = qsubs6.*x14;
x29 = 2*qsubs5.*qsubs7 - x28;
x30 = 0.0518095238095238*x29;
x31 = qsubs6.^2;
x32 = 2*x31;
x33 = -x32 - x6;
x34 = 0.0518095238095238*x33;
x35 = 2*qsubs6.*qsubs7 - x22;
x36 = 0.0678730158730159*x35;
x37 = -x32 - x4 + 1;
x38 = 0.0678730158730159*x37;
x39 = qsubs5.*qsubs7;
x40 = x28 + 2*x39;
x41 = 0.0678730158730159*x40;
x42 = x11 + x9;
x43 = 2*qsubs1.*qsubs3 - x19;
x44 = qsubs0.*qsubs1;
x45 = 2*x44;
x46 = qsubs2.*qsubs3;
x47 = x45 + 2*x46;
x48 = qsubs1.^2;
x49 = 2*x48 - 1;
x50 = -x10 - x49;
x51 = x18 - x20;
x52 = 2*qsubs2.*qsubs3 - x45;
x53 = qsubs1.*qsubs2;
x54 = x1 + 2*x53;
x55 = -x12 - x49;
x56 = -x0 - x53;
x57 = 0.0223809523809524*x7;
x58 = 0.0223809523809524*x16;
x59 = 0.0223809523809524*x24;
x60 = 0.109873015873016*x26;
x61 = 0.109873015873016*x29;
x62 = 0.109873015873016*x33;
x63 = 0.104952380952381*x35;
x64 = 0.104952380952381*x37;
x65 = 0.104952380952381*x40;
x66 = 0.0315238095238095*x7;
x67 = 0.0315238095238095*x16;
x68 = 0.0315238095238095*x24;
x69 = 0.182444444444444*x26;
x70 = 0.182444444444444*x29;
x71 = 0.182444444444444*x33;
x72 = 0.110380952380952*x35;
x73 = 0.110380952380952*x37;
x74 = 0.110380952380952*x40;
x75 = x42 - 0.593015873015873;
x76 = 0.0346031746031746*x7;
x77 = 0.0346031746031746*x16;
x78 = 0.0346031746031746*x24;
x79 = 0.223492063492063*x26;
x80 = 0.223492063492063*x29;
x81 = 0.223492063492063*x33;
x82 = 0.110984126984127*x35;
x83 = 0.110984126984127*x37;
x84 = 0.110984126984127*x40;
x85 = 0.029047619047619*x7;
x86 = 0.029047619047619*x16;
x87 = 0.029047619047619*x24;
x88 = 0.246253968253968*x26;
x89 = 0.246253968253968*x29;
x90 = 0.246253968253968*x33;
x91 = 0.0925714285714286*x35;
x92 = 0.0925714285714286*x37;
x93 = 0.0925714285714286*x40;
x94 = x13.*x86 + x13.*x90 - x13.*x93 + x2.*x85 + x2.*x88 - x2.*x91 + x21.*x87 + x21.*x89 - x21.*x92 + x42;
x95 = x43.*x86 + x43.*x90 - x43.*x93 + x47.*x85 + x47.*x88 - x47.*x91 + x50.*x87 + x50.*x89 - x50.*x92 + x51;
x96 = x52.*x92;
x97 = x55.*x91;
x98 = x54.*x93;
x99 = 0.221301587301587*x26;
x100 = 0.221301587301587*x29;
x101 = 0.221301587301587*x33;
x102 = 0.0494285714285714*x7;
x103 = 0.0494285714285714*x16;
x104 = 0.0494285714285714*x24;
x105 = 0.122761904761905*x35;
x106 = 0.122761904761905*x37;
x107 = 0.122761904761905*x40;
x108 = x0 + x53;
x109 = 0.24352380952381*x26;
x110 = 0.24352380952381*x29;
x111 = 0.24352380952381*x33;
x112 = 0.0445714285714286*x7;
x113 = 0.0445714285714286*x16;
x114 = 0.0445714285714286*x24;
x115 = 0.116857142857143*x35;
x116 = 0.116857142857143*x37;
x117 = 0.116857142857143*x40;
x118 = 0.302666666666667*x26;
x119 = 0.302666666666667*x29;
x120 = 0.302666666666667*x33;
x121 = 0.0397777777777778*x7;
x122 = 0.0397777777777778*x16;
x123 = 0.0397777777777778*x24;
x124 = 0.0945714285714286*x35;
x125 = 0.0945714285714286*x37;
x126 = 0.0945714285714286*x40;
x127 = 0.0575555555555556*x7;
x128 = 0.0575555555555556*x16;
x129 = 0.0575555555555556*x24;
x130 = 0.287492063492064*x26;
x131 = 0.287492063492064*x29;
x132 = 0.287492063492064*x33;
x133 = 0.108444444444444*x35;
x134 = 0.108444444444444*x37;
x135 = 0.108444444444444*x40;
x136 = 0.0613015873015873*x7;
x137 = 0.0613015873015873*x16;
x138 = 0.0613015873015873*x24;
x139 = 0.267079365079365*x26;
x140 = 0.267079365079365*x29;
x141 = 0.267079365079365*x33;
x142 = 0.11568253968254*x35;
x143 = 0.11568253968254*x37;
x144 = 0.11568253968254*x40;
x145 = -x11 - x9;
x146 = 0.032952380952381*x7;
x147 = 0.032952380952381*x16;
x148 = 0.032952380952381*x24;
x149 = 0.371936507936508*x26;
x150 = 0.371936507936508*x29;
x151 = 0.371936507936508*x33;
x152 = 0.0712063492063492*x35;
x153 = 0.0712063492063492*x37;
x154 = 0.0712063492063492*x40;
x155 = 0.006*x7;
x156 = 0.006*x16;
x157 = 0.006*x24;
x158 = 0.0485396825396825*x35;
x159 = 0.0485396825396825*x37;
x160 = 0.0485396825396825*x40;
x161 = 0.140031746031746*x35;
x162 = 0.140031746031746*x37;
x163 = 0.140031746031746*x40;
x164 = 0.064031746031746*x7;
x165 = 0.064031746031746*x16;
x166 = 0.064031746031746*x24;
x167 = 0.0957142857142857*x26;
x168 = 0.0957142857142857*x29;
x169 = 0.0957142857142857*x33;
x170 = x13.*x163 + x13.*x165 + x13.*x169 + x161.*x2 + x162.*x21 + x164.*x2 + x166.*x21 + x167.*x2 + x168.*x21 + x42;
x171 = x161.*x47 + x162.*x50 + x163.*x43 + x164.*x47 + x165.*x43 + x166.*x50 + x167.*x47 + x168.*x50 + x169.*x43 + x51;
x172 = x161.*x55 + x162.*x52 + x163.*x54 + x164.*x55 + x165.*x54 + x166.*x52 + x167.*x55 + x168.*x52 + x169.*x54 + x56;
x173 = 0.0823174603174603*x26;
x174 = 0.0823174603174603*x29;
x175 = 0.0823174603174603*x33;
x176 = 0.148730158730159*x35;
x177 = 0.148730158730159*x37;
x178 = 0.148730158730159*x40;
x179 = 0.0833968253968254*x7;
x180 = 0.0833968253968254*x16;
x181 = 0.0833968253968254*x24;
x182 = 0.152539682539683*x35;
x183 = 0.152539682539683*x37;
x184 = 0.152539682539683*x40;
x185 = 0.0678730158730159*x26;
x186 = 0.0678730158730159*x29;
x187 = 0.0678730158730159*x33;
x188 = 0.109301587301587*x7;
x189 = 0.109301587301587*x16;
x190 = 0.109301587301587*x24;
x191 = 0.0857460317460317*x7;
x192 = 0.0857460317460317*x16;
x193 = 0.0857460317460317*x24;
x194 = 0.376444444444444*x26;
x195 = 0.376444444444444*x29;
x196 = 0.376444444444444*x33;
x197 = 0.0764444444444444*x35;
x198 = 0.0764444444444444*x37;
x199 = 0.0764444444444444*x40;
x200 = 0.311238095238095*x7;
x201 = 0.311238095238095*x16;
x202 = 0.311238095238095*x24;
x203 = 0.405269841269841*x26;
x204 = 0.405269841269841*x29;
x205 = 0.405269841269841*x33;
x206 = 0.0955238095238095*x35;
x207 = 0.0955238095238095*x37;
x208 = 0.0955238095238095*x40;
x209 = 0.328222222222222*x7;
x210 = 0.328222222222222*x16;
x211 = 0.328222222222222*x24;
x212 = 0.409301587301587*x26;
x213 = 0.409301587301587*x29;
x214 = 0.409301587301587*x33;
x215 = 0.0973968253968254*x35;
x216 = 0.0973968253968254*x37;
x217 = 0.0973968253968254*x40;
x218 = 0.366634920634921*x7;
x219 = 0.366634920634921*x16;
x220 = 0.366634920634921*x24;
x221 = 0.408031746031746*x26;
x222 = 0.408031746031746*x29;
x223 = 0.408031746031746*x33;
x224 = 0.098*x35;
x225 = 0.098*x37;
x226 = 0.098*x40;
x227 = 0.404571428571429*x26;
x228 = 0.404571428571429*x29;
x229 = 0.404571428571429*x33;
x230 = 0.404*x7;
x231 = 0.404*x16;
x232 = 0.404*x24;
x233 = 0.0912063492063492*x35;
x234 = 0.0912063492063492*x37;
x235 = 0.0912063492063492*x40;
x236 = qsubs2.*qsubs6;
x237 = qsubs6.*qsubs7;
x238 = qsubs1.*qsubs6;
x239 = qsubs6.^3;
x240 = qsubs7.*x239;
x241 = qsubs6.^4;
x242 = qsubs7.^4;
x243 = qsubs3.*qsubs7;
x244 = qsubs1.*x5;
x245 = qsubs5.*x31;
x246 = qsubs6.*x9;
x247 = x31.*x5;
x248 = qsubs1.^4;
x249 = qsubs7.^3;
x250 = qsubs1.*x249;
x251 = qsubs1.^3.*qsubs5;
x252 = qsubs2.^3;
x253 = qsubs3.*x252;
x254 = x243.*x9;
x255 = qsubs5.*qsubs6;
x256 = x255.*x5;
x257 = qsubs3.^3;
x258 = qsubs2.*x3;
x259 = qsubs10.*qsubs9;
x260 = qsubs11.*qsubs9;
x261 = qsubs10.^2;
x262 = qsubs9.^2;
x263 = qsubs10.*qsubs11;
x264 = qsubs11.^2;
x265 = qsubs11.^4;
x266 = qsubs10.*x264;
x267 = qsubs11.^3;
x268 = qsubs10.*x39;
x269 = qsubs10.*x31;
x270 = qsubs9.*x239;
x271 = x259.*x31;
x272 = qsubs9.*x261;
x273 = x260.*x31;
x274 = x261.*x31;
x275 = x264.*x5;
x276 = qsubs11.*qsubs6;
x277 = x276.*x5;
x278 = qsubs10.*x262;
x279 = qsubs9.^4;
x280 = qsubs11.*x261;
