function mus_len = mus_lengths_ulna(t,in2)
%MUS_LENGTHS_ULNA
%    MUS_LEN = MUS_LENGTHS_ULNA(T,IN2)

%    This function was generated by the Symbolic Math Toolbox version 9.3.
%    25-Jun-2024 10:50:00

q1 = in2(1,:);
q2 = in2(2,:);
q3 = in2(3,:);
q4 = in2(4,:);
q5 = in2(5,:);
q6 = in2(6,:);
q7 = in2(7,:);
q8 = in2(8,:);
q9 = in2(9,:);
q10 = in2(10,:);
t2 = q1.^2;
t3 = q2.^2;
t4 = q2.^3;
t5 = q3.^2;
t6 = q4.^2;
t7 = q4.^3;
t8 = q6.^2;
t9 = q7.^2;
t10 = q7.^3;
t11 = q8.^2;
t12 = q9.^2;
t13 = q9.^3;
t14 = q10.^2;
t15 = t14.^2;
et1 = q1.*1.328255254914393e-1+q4.*4.488205308380463e-2-t3.*1.893675875767984e-1-q1.*q3.*4.339907614103287e-2-q1.*q5.*3.870517149727758e-2;
et2 = q2.*q6.*3.567075180742983e-2+q2.*t2.*5.847901234575464e-2+q3.*t6.*1.058770444247367e-2+1.394375185172413e-1;
et3 = q1.*1.193046584810061e-1-q5.*6.528505980553857e-2+t2.*7.955347929482784e-2+q2.*q4.*9.693501422840541e-2+q4.*q6.*2.720456688885732e-3;
et4 = q2.*t7.*3.378791028678522e-2+t2.*t5.*6.786371338201799e-2+q1.*q3.*q4.*2.138054408438395e-1-q1.*q3.*t6.*6.491344630542836e-2+1.986460772126996e-1;
et5 = q2.*(-8.847419870212916e-2)+q3.*1.187258014971549e-1+q4.*8.045484937894613e-2-q6.*2.151210989366967e-3+t2.*2.947172141533505e-2;
et6 = t8.*1.732605939966238e-2+q1.*q3.*5.04818947119484e-2-q1.*q5.*2.816884875495901e-1-q2.*t7.*2.112510341174563e-2-q4.*q5.*t2.*2.222543920387927e-1;
et7 = 1.033405080417375e-1;
et8 = q6.*5.585126383120614e-2-q1.*q2.*1.861323269109566e-1-q1.*q4.*3.144511294860551e-2-q4.*q5.*1.379290018698628e-2-q3.*t3.*3.603955561697083e-3;
et9 = q3.*t6.*(-7.442328063141841e-3)+t2.*t6.*7.832335387183805e-3-q2.*q4.*t2.*1.226511670546634e-1+q1.*q5.*t6.*5.981732991505426e-3+1.199851838268536e-1;
et10 = q4.*9.829983892705337e-2+q5.*9.433071823744256e-2+q1.*q2.*2.16024950345527e-1+q3.*q4.*8.007890385542592e-2-q4.*q6.*4.211147236925582e-2;
et11 = q2.*t2.*1.134874287378571e-1+q1.*t7.*2.755892312364376e-2+6.859753827298265e-2;
et12 = q3.*(-1.244828024398888e-1)-q1.*q4.*1.149916377342919e-1-q2.*q5.*8.263918468013987e-1-q6.*t6.*5.337454196582089e-2+q1.*q3.*q4.*5.056149643160367e-2;
et13 = q2.*q4.*t2.*1.280936118434128e-1-q1.*q5.*t3.*1.519475260244348+1.592196248440073e-1;
et14 = q3.*(-8.399058796873186e-2)-q5.*8.7512666027147e-2-q1.*q4.*1.470642165022743e-1-q2.*t6.*1.172610227465457e-2-q6.*t6.*1.263281360399045e-1;
et15 = q6.*t7.*6.557698053573724e-2+q1.*q3.*q4.*3.679178573325716e-2-q5.*q6.*t3.*8.82595707603084e-1+1.376946506367344e-1;
et16 = q2.*(-2.747706380563852e-2)-q6.*1.175868081511887e-2-q1.*q4.*1.224192363912294e-1+q3.*q4.*9.638858279505778e-3-q1.*t4.*1.775269555780504e-1;
et17 = q3.*q5.*t3.*(-3.76980005043864e-1)+q1.*q2.*q3.*q4.*1.449615138346113e-1+7.347197420631672e-2;
et18 = q7.*3.107070515676655e-3+q9.*3.948811599342059e-3-t13.*2.700916481903068e-4+q7.*q8.*3.686929261053055e-2-q7.*t11.*5.70274074477839e-3;
et19 = q8.*t10.*(-4.027690301718389e-3)-t9.*t11.*4.152894520172196e-3+1.358152089018669e-1;
et20 = q8.*(-2.650022177817453e-2)+q9.*1.513895213934158e-3-t13.*1.057746575298118e-4+q7.*q8.*7.782360037690324e-3+q8.*t9.*3.907585776927872e-3;
et21 = 1.414015387063635e-1;
et22 = q4.*(-1.60053799238891e-2)-q6.*t7.*5.277259404430917e-2-q4.*t11.*6.078271092202557e-3-q9.*t7.*1.15247676709044e-3-t9.*t11.*4.364634032488587e-3;
et23 = q5.*q6.^3.*(-3.58985661554022)+q4.*q5.*t9.*3.829115499652865e-3-q7.*q8.*t6.*1.379840265517903e-2-q7.*q9.*t8.*4.584718069186564e-2+1.950605988467384e-1;
et24 = q8.*5.390861508188349e-3+q9.*9.028938460641535e-4+t12.*2.558721971959051e-4-t13.*9.455873218290748e-5-q7.*q8.*2.084816966767257e-2;
et25 = q7.*q9.*8.930331081778595e-4+q8.*t10.*1.068759648996209e-3-q7.*t12.*7.053639101763604e-5-q9.*t10.*5.591458253073554e-5;
et26 = t9.*t11.*(-4.022884510862163e-3)+1.789886769114613e-1;
et27 = q7.*8.819971682826404e-3-q8.*1.040010393670615e-2+q9.*6.21615242729267e-3-q7.*q9.*2.961977982205368e-3+q8.*q9.*6.662805342294189e-3;
et28 = q8.*t9.*3.0236897319044e-3-q8.*t13.*9.550196132014727e-4-t9.*t12.*3.108981680069269e-4+1.35491624856215e-1;
et29 = q7.*1.7530422307019e-2+q8.*7.052084046183639e-3+q9.*1.49131420100737e-2-t10.*1.226560682921878e-3-t13.*1.290998701739813e-3;
et30 = q8.*q9.*2.506130894401163e-3+1.069776748038821e-1;
et31 = q8.*5.673654640786423e-2+q7.*q8.*1.993594280983028e-2-q8.*q9.*1.437431840587023e-2-q8.*t9.*1.159038221426607e-2-q8.*t10.*3.700957349201261e-3;
et32 = q9.*t11.*8.10047022880156e-3+q8.*t13.*4.842033188945405e-4+1.049534933533329e-1;
et33 = q8.*(-1.328248947365806e-2)-t12.*1.124535362962392e-3-q7.*q8.*8.233726036957561e-3-q7.*q9.*4.819218455466478e-3+q9.*t10.*4.161160595360549e-4;
et34 = q7.*q8.*t12.*9.918169111503394e-4-q7.*q9.*t11.*2.427905669986631e-3+1.15206751811098e-1;
et35 = q7.*(-1.715815500577333e-2)-q9.*1.566323792013291e-2+t10.*9.93446955409685e-4+t13.*1.221777667966362e-3-q8.*q9.*2.698464842645482e-3;
et36 = q8.*t9.*(-1.357923868460473e-3)+1.431657662501366e-1;
et37 = q7.*4.549900230902849e-3+q8.*2.999333565409801e-2+q9.*1.65020808344497e-3+q10.*1.884377120323414e-2-t10.*5.229926142646161e-4;
et38 = q8.*t9.*(-7.489985016805276e-3)+2.910013207213934e-1;
et39 = q3.*6.20348058198153e-2+q5.*5.914707062581846e-2-q9.*1.199155203033712e-2+q1.*q4.*1.162140834506246e-1-q2.*q3.*5.008405002838946e-2;
et40 = q2.*q4.*9.953332087757223e-2-q1.*q8.*5.868128702510923e-2+q4.*q6.*1.944214672725354e-2-q4.*q7.*1.20198170947141e-2+q3.*t4.*6.631696757181175e-1;
et41 = q8.*t9.*(-1.160251899487685e-2)+q2.*q4.*q8.*3.430011079781179e-2-q3.*q8.*t3.*2.56297438719514e-1+q6.*q7.*t5.*3.455112206274419e-2+2.534429461990781e-1;
et42 = q9.*(-1.342316744072461e-2)-q1.*q2.*9.891087193994222e-2+q1.*q4.*7.218533908003419e-2+q2.*q3.*2.116483907066058e-1+q4.*q5.*4.514314870807311e-2;
et43 = q2.*q8.*1.324368297876843e-1-q4.*q7.*8.969928033631606e-3+q6.*t7.*6.396266010537513e-2+q4.*t11.*1.084732946840474e-2+q4.*t13.*3.566811027554957e-4;
et44 = q8.*t9.*(-8.516540225573485e-3)-q2.*q6.*t6.*1.78117913234613e-1-q3.*q8.*t3.*3.614494531493337e-1+3.261597583200933e-1;
et45 = q7.*(-1.60034681098595e-2)-q9.*1.540968399696984e-2-q1.*q2.*1.700119642313589e-1+q1.*q6.*1.390354328670437e-1+q3.*q8.*8.420536627328734e-2;
et46 = q5.*t7.*4.948944612411314e-2+q8.*t10.*4.383615806514491e-3-t6.^2.*7.394558276987894e-3+q3.*q6.*q8.*1.34811099875895e-1-q4.*q7.*q8.*4.500049870628291e-2;
et47 = q1.*q3.*t6.*9.690578658349033e-3+q2.*q7.*t2.*1.190077528227851e-2-q2.*q8.*t5.*1.191298810351304e-1-q5.*q8.*t6.*2.208325907811221e-2-q3.*q8.*t9.*1.545849546114766e-2;
et48 = q4.*q7.*t11.*9.274455201333609e-3+q6.*q7.*t11.*1.69098890023449e-2-q2.*q3.*q7.*q8.*6.212247228384491e-3+1.941867810912681e-1;
et49 = q1.*(-1.331832014959431e-2)+q5.*3.677714135997726e-2-q6.*8.622618788406287e-2-q7.*1.501330916208434e-2-q9.*1.629029208922031e-2;
et50 = t7.*(-1.400599039496942e-2)+t11.*1.468993490273987e-2-q1.*q2.*5.292879030212028e-2+q3.*q6.*7.302066386150431e-2+q5.*t7.*2.231258492668093e-3;
et51 = q7.*t11.*7.837094255400219e-3+q8.*t10.*4.511243592770216e-3-t9.*t11.*6.96144402424708e-3-q4.*q7.*q8.*6.276782894941935e-2-q2.*q3.*t2.*3.35240339680829e-2;
et52 = q2.*q3.*t9.*(-2.296364756909758e-3)-q2.*q6.*t6.*1.78636080028794e-2-q3.*q5.*t6.*2.163151970841634e-2+q7.*q8.*t6.*1.994141446002759e-2-q7.*q9.*t11.*2.753809191325784e-3;
et53 = q2.*q3.*q4.*q6.*(-2.04238200345904e-2)+1.887495892199267e-1;
et54 = q4.*(-3.951576412528697e-2)+q5.*4.569635082658825e-2-q7.*1.164859531391234e-2-q9.*1.178781904710401e-2-q5.*t7.*2.948419229145458e-2;
et55 = q6.*t7.*(-6.688906277755859e-2)+q8.*t10.*3.038839436725214e-3+t6.*t8.*1.149165982588621e-1-t9.*t11.*7.14591827211845e-3-q4.*q7.*q8.*2.919982798233451e-2;
et56 = q4.*q5.*t9.*3.548569046359322e-4-q7.*q9.*t11.*3.722896769721325e-3+1.652266883691381e-1;
mt1 = [et1+et2,et3+et4,q1.*9.177741292823492e-2-t3.*3.853659041271807e-1-q1.*q2.*6.59617250359968e-2+q3.*t4.*3.832639617835424e-1+2.059343688071923e-1,et5+et6+et7,et8+et9];
