function mus_len = mus_lengths_full_ulna(t,in2)
%MUS_LENGTHS_FULL_ULNA
%    MUS_LEN = MUS_LENGTHS_FULL_ULNA(T,IN2)

%    This function was generated by the Symbolic Math Toolbox version 9.3.
%    25-Jun-2024 12:00:27

q1 = in2(1,:);
q2 = in2(2,:);
q3 = in2(3,:);
q4 = in2(4,:);
q5 = in2(5,:);
q6 = in2(6,:);
q7 = in2(7,:);
q8 = in2(8,:);
q9 = in2(9,:);
q10 = in2(10,:);
t2 = q1.^2;
t3 = q1.^3;
t4 = q2.^2;
t5 = q2.^3;
t6 = q3.^2;
t8 = q3.^3;
t9 = q4.^2;
t10 = q4.^3;
t11 = q5.^2;
t13 = q6.^2;
t14 = q6.^3;
t15 = q7.^2;
t16 = q7.^3;
t17 = q8.^2;
t19 = q8.^3;
t20 = q9.^2;
t21 = q9.^3;
t22 = q10.^2;
t25 = q7.*q8.*2.787437616946326e-2;
t7 = t4.^2;
t12 = t9.^2;
t18 = t15.^2;
t23 = t20.^2;
t24 = t22.^2;
t26 = q8.*t16.*2.688546697584171e-3;
t27 = -t25;
t28 = t15.*t17.*3.827077784359508e-3;
t29 = -t28;
t30 = t26+t27+t29+3.088561556775001e-1;
et1 = q1.*1.260529469989605e-1-q4.*3.602111607662791e-3-q5.*4.963586473791669e-3-t4.*2.57329892438691e-1+q5.*q6.*9.983001597340119e-2;
et2 = q2.*t2.*6.066901691587911e-2+q3.*t4.*2.236400298489771e-1+q3.*t10.*1.819024305176927e-3+q6.*t10.*6.326987023222101e-3+q1.*q3.*t4.*1.113271472146933e-1;
et3 = q1.*q4.*q5.*q6.*8.288464476702176e-2+2.259296134982894e-1;
et4 = q1.*6.417531908157817e-2+q4.*6.856497842164071e-3-t7.*2.411943000530891+q2.*q6.*1.73698448905921e-1-q2.*t2.*4.380317345448618e-1;
et5 = q3.*t9.*2.000303226223823e-2+t2.*t4.*1.198942828741085+q3.*q6.*t2.*4.874371651904078e-2-q4.*q6.*t2.*8.797061822016393e-2+q3.*q5.*t9.*1.340313854187466e-2;
et6 = 1.828480325695199e-1;
et7 = q1.*1.220986657993814e-1+q4.*3.254829307343973e-2-t4.*2.800946155191739e-1+q2.*q3.*8.286977900817249e-2+q2.*q6.*3.721767920499007e-2;
et8 = q2.*t2.*7.316079445038323e-2+q3.*t9.*1.267735609251968e-2-q1.*q4.*q5.*2.721490620300847e-2+1.59383044893231e-1;
et9 = q1.*1.336185720705933e-1+q4.*4.49941066683491e-2-t4.*1.908615098133869e-1-q1.*q3.*4.341558556407467e-2-q1.*q5.*3.871139424472187e-2;
et10 = q2.*q6.*3.566679430069034e-2+q2.*t2.*5.999357838380862e-2+q3.*t9.*1.081510816521333e-2+1.396440671160211e-1;
et11 = q1.*1.35197084738347e-1+q4.*4.88742045157194e-2-t4.*1.660417649402915e-1-q1.*q3.*3.924199383369564e-2+q2.*q6.*3.497830489937136e-2;
et12 = q2.*t2.*6.072572888326697e-2+q3.*t10.*9.682777034219334e-3-q1.*q5.*t9.*3.071651246424508e-2+1.232562084808232e-1;
et13 = q1.*1.254585486666678e-1+q4.*5.014889317447632e-2-q1.*q4.*6.0890605852808e-3+q4.*q6.*5.855782429305923e-3+q4.*t6.*2.200009563283146e-2;
et14 = q2.*t10.*(-4.209829115272178e-3)+q4.*q5.*t4.*1.332893837138277e-1+1.271139086246762e-1;
et15 = q1.*1.658273733167013e-1-q3.*2.589863833483105e-2+q4.*1.265907048174424e-2-q5.*3.548925689686835e-2-t3.*5.99434660891586e-2;
et16 = q4.*q6.*9.78779599719071e-3+q4.*t6.*4.086741199157132e-2+q2.*t10.*4.253602728597955e-2-t9.*t11.*8.290409933359991e-2-q3.*q4.*t2.*5.375882599397186e-2;
et17 = 1.703245290504924e-1;
et18 = q1.*1.286891715403925e-1-q3.*4.227646166898542e-2-q5.*3.207626576332296e-2+t6.*4.378890602649128e-2+t12.*2.836882734452049e-3;
et19 = q2.*t9.*8.066533551266761e-2+q6.*t9.*4.247322497686572e-3+t2.^2.*4.406353259289843e-2-q3.*q4.*t2.*5.348407456899282e-2+1.754547974466762e-1;
et20 = q1.*1.485491338874833e-1-q5.*6.733945397570687e-2+q6.*8.588454201862241e-3+t2.*9.411909083328422e-2+t12.*1.821585471252506e-3;
et21 = q1.*q3.*1.434052539284719e-1+q2.*q4.*1.18220543387263e-1+t2.*t6.*5.647021106911026e-2+1.801213385656969e-1;
et22 = q1.*1.228033742153841e-1-q5.*6.527071999672683e-2+t2.*8.218604084547167e-2+q2.*q4.*9.598578184751025e-2+q4.*q6.*2.720481052533701e-3;
et23 = q2.*t10.*3.439021962677064e-2+t2.*t6.*6.62681143109755e-2+q1.*q3.*q4.*2.126517924863397e-1-q1.*q3.*t9.*6.442335198820469e-2+1.998258821576263e-1;
et24 = q1.*5.424022319503987e-2-q3.*6.204100072706557e-2-q5.*6.265591699093621e-2+q2.*q4.*1.473176882069234e-1-q3.*t3.*3.310360576352862e-2;
et25 = q6.*t9.*1.541618742355811e-3+q1.*q3.*q4.*3.1252943937847e-2+q1.*q6.*t9.*1.284266372255837e-3+2.137191473267791e-1;
et26 = q1.*3.500138132107327e-2-q3.*4.383551519206869e-3-t7.*1.917071695325671-q2.*t2.*5.122550655875622e-1+t2.*t4.*1.176455419176668;
et27 = t6.^2.*7.7767529352623e-3+1.786482995196074e-1;
et28 = q2.*(-9.014696434376486e-2)+q3.*1.186481176195482e-1+q4.*7.96952458515893e-2-q6.*2.150984304903238e-3+t2.*2.938649905834394e-2;
et29 = t13.*1.733444748628238e-2+q1.*q3.*5.005086922145102e-2-q1.*q5.*2.805742335070642e-1-q2.*t10.*1.979731364859109e-2-q4.*q5.*t2.*2.208662525588018e-1;
et30 = 1.041051784770126e-1;
et31 = q4.*1.23975579406703e-1-t3.*1.103233677380485e-2+q3.*q4.*7.804287718063167e-2+q4.*q5.*6.762472910876113e-2-q2.*t10.*8.415325048989007e-2;
et32 = q2.*q3.*q4.*q6.*3.729960085973611e-2+2.931889312689986e-2;
et33 = q6.*4.649898311628689e-2+t2.*3.3460945273239e-2+t12.*2.561954932612045e-3+q1.*q5.*2.280403727826938e-2-q1.*q2.*q3.*4.772899833906211e-2;
et34 = q1.*q2.*q4.*(-1.818858226403237e-1)-q2.*q4.*t2.*1.498274324050495e-1-q2.*q3.*t9.*4.998710815215372e-2+1.041460097748429e-1;
et35 = q6.*5.5850758696123e-2-q1.*q2.*1.849747405403734e-1-q1.*q4.*3.291679078574689e-2-q4.*q5.*1.374865123064134e-2-q3.*t4.*6.450421814279336e-3;
et36 = q3.*t9.*(-7.287255763753756e-3)+t2.*t9.*6.418446474658564e-3-q2.*q4.*t2.*1.199270248193559e-1+q1.*q5.*t9.*6.045274698306354e-3+1.195347316498157e-1;
et37 = q2.*6.706758758204533e-2+q3.*5.664192329737076e-2+q6.*6.247048195172972e-2-q1.*q4.*9.167302372643914e-2-q3.*q4.*6.040845833129452e-2;
et38 = q2.*t2.*1.37990550295182e-2-q5.*t10.*1.496025952222789e-2-t2.*t9.*2.51785395824644e-2+7.939585019669303e-2;
et39 = q5.*(-1.491653803425253e-2)+q6.*3.056777947820372e-2+t12.*4.666080941126408e-3-q1.*q2.*3.542389011461601e-1+q2.*q3.*1.74836885688195e-1;
et40 = q4.*q6.*2.556834262327481e-2+q1.*t4.*4.864447685630197e-1-q2.*q3.*q4.*2.48318692473459e-1+q3.*q4.*t4.*2.248624988176275e-1+1.144802477603143e-1;
et41 = q3.*8.117145676998656e-2+q4.*9.206209356636194e-2+q5.*7.656031742863692e-2-q6.*1.055689664506593e-2+q1.*q2.*2.076332216687067e-1;
et42 = q1.*q4.*1.433844398457196e-2+q3.*t9.*2.11741738521998e-3+t2.*t4.*1.757503185136799e-1+q4.*q5.*t4.*8.120035703035301e-3+4.317241170855576e-2;
et43 = q1.*4.782361729320077e-2-q2.*7.941677940795829e-2+q3.*8.707555333043877e-2+q4.*7.917338743144689e-2-q6.*4.465051089536105e-2;
et44 = q4.*q5.*8.702655037562769e-2+q1.*q2.*t9.*1.270754137160413e-2+1.169483329503347e-1;
et45 = q4.*9.858255202503433e-2+q5.*9.432756229423489e-2+q1.*q2.*2.156458214499341e-1+q3.*q4.*8.03858154586229e-2-q4.*q6.*4.210315533664596e-2;
et46 = q2.*t2.*1.129214596153432e-1+q1.*t10.*2.756388272683891e-2+6.817410471708667e-2;
et47 = q4.*1.074111786978641e-1+q5.*1.241553168160158e-1+q3.*q4.*8.832724663176511e-2-q2.*t2.*3.261343256535841e-1-q2.*t3.*2.17779786898902e-1;
et48 = q1.*t10.*3.206685829139126e-2-q6.*t9.*4.421925181773181e-2+q1.*q2.*q5.*9.809314827966867e-2+4.786794751162141e-2;
et49 = q1.*(-2.911978475872691e-3)+q4.*1.362380964239805e-1+q2.*q5.*1.040923164314996+q3.*q4.*9.468032414067122e-2+q1.*t4.*9.302697028433624e-2;
et50 = q1.*t9.*8.412295298336699e-2-q6.*t9.*4.851516507201874e-2+q1.*q2.*q4.*q5.*7.764044038862838e-1+1.849893172230984e-2;
et51 = q2.*1.081403261430145e-1-q3.*1.595934920025354e-1-q5.*1.37393212889899e-1-q1.*q4.*1.218189803267606e-1+q2.*q5.*9.528103886741137e-3;
et52 = q6.*t9.*(-5.232900529377237e-2)+q1.*q3.*q4.*8.170858606223694e-3+1.341905120433151e-1;
et53 = q3.*(-1.244129833214962e-1)-q1.*q4.*1.159331548121199e-1-q2.*q5.*8.253944213338771e-1-q6.*t9.*5.332691773389832e-2+q1.*q3.*q4.*5.143414493200443e-2;
et54 = q2.*q4.*t2.*1.277925849473768e-1-q1.*q5.*t4.*1.514755648986174+1.588168371332702e-1;
et55 = q3.*(-1.483104871969333e-1)-q5.*1.123802978493959e-1-q1.*q2.*7.714371954281227e-2-q1.*q4.*1.245624045337261e-1-q2.*q5.*4.535471696374455e-2;
et56 = q6.*t10.*(-4.835050714125539e-2)+q1.*q3.*q4.*3.862391313393991e-3+1.568299782332408e-1;
et57 = q3.*(-1.233099490009264e-1)-q5.*8.635915662722331e-2-q1.*q4.*1.34121193429774e-1-q2.*q5.*9.163698056128207e-2+q2.*t2.*3.226284641341234e-2;
