function mus_lengths = mus_lengths_quat(t,q)
qsubs0 = q(1,:);
qsubs1 = q(2,:);
qsubs2 = q(3,:);
qsubs3 = q(4,:);
qsubs4 = q(5,:);
qsubs5 = q(6,:);
qsubs6 = q(7,:);
qsubs7 = q(8,:);
qsubs8 = q(9,:);
qsubs9 = q(10,:);
qsubs10 = q(11,:);
qsubs11 = q(12,:);
qsubs12 = q(13,:);
x0 = qsubs0.*qsubs3;
x1 = 2*x0;
x2 = 2*qsubs1.*qsubs2 - x1;
x3 = qsubs5.^2;
x4 = 2*x3;
x5 = qsubs7.^2;
x6 = 2*x5 - 1;
x7 = -x4 - x6;
x8 = 0.0173650793650794*x7;
x9 = qsubs2.^2;
x10 = 2*x9;
x11 = qsubs3.^2;
x12 = 2*x11;
x13 = -x10 - x12 + 1;
x14 = 2*qsubs4;
x15 = qsubs7.*x14;
x16 = 2*qsubs5.*qsubs6 - x15;
x17 = 0.0173650793650794*x16;
x18 = qsubs0.*qsubs2;
x19 = 2*x18;
x20 = qsubs1.*qsubs3;
x21 = x19 + 2*x20;
x22 = qsubs5.*x14;
x23 = 2*qsubs6;
x24 = qsubs7.*x23 + x22;
x25 = 0.0173650793650794*x24;
x26 = qsubs5.*x23 + x15;
x27 = 0.0518095238095238*x26;
x28 = qsubs6.*x14;
x29 = 2*qsubs5.*qsubs7 - x28;
x30 = 0.0518095238095238*x29;
x31 = qsubs6.^2;
x32 = 2*x31;
x33 = -x32 - x6;
x34 = 0.0518095238095238*x33;
x35 = 2*qsubs6.*qsubs7 - x22;
x36 = 0.0678730158730159*x35;
x37 = -x32 - x4 + 1;
x38 = 0.0678730158730159*x37;
x39 = 2*qsubs5.*qsubs7 + x28;
x40 = 0.0678730158730159*x39;
x41 = x11 + x9;
x42 = 2*qsubs1.*qsubs3 - x19;
x43 = qsubs0.*qsubs1;
x44 = 2*x43;
x45 = qsubs2.*qsubs3;
x46 = x44 + 2*x45;
x47 = qsubs1.^2;
x48 = 2*x47 - 1;
x49 = -x10 - x48;
x50 = x18 - x20;
x51 = 2*qsubs2.*qsubs3 - x44;
x52 = qsubs1.*qsubs2;
x53 = x1 + 2*x52;
x54 = -x12 - x48;
x55 = -x0 - x52;
x56 = 0.0223809523809524*x7;
x57 = 0.0223809523809524*x16;
x58 = 0.0223809523809524*x24;
x59 = 0.109873015873016*x26;
x60 = 0.109873015873016*x29;
x61 = 0.109873015873016*x33;
x62 = 0.104952380952381*x35;
x63 = 0.104952380952381*x37;
x64 = 0.104952380952381*x39;
x65 = 0.0315238095238095*x7;
x66 = 0.0315238095238095*x16;
x67 = 0.0315238095238095*x24;
x68 = 0.182444444444444*x26;
x69 = 0.182444444444444*x29;
x70 = 0.182444444444444*x33;
x71 = 0.110380952380952*x35;
x72 = 0.110380952380952*x37;
x73 = 0.110380952380952*x39;
x74 = x41 - 0.593015873015873;
x75 = 0.0346031746031746*x7;
x76 = 0.0346031746031746*x16;
x77 = 0.0346031746031746*x24;
x78 = 0.223492063492063*x26;
x79 = 0.223492063492063*x29;
x80 = 0.223492063492063*x33;
x81 = 0.110984126984127*x35;
x82 = 0.110984126984127*x37;
x83 = 0.110984126984127*x39;
x84 = 0.029047619047619*x7;
x85 = 0.029047619047619*x16;
x86 = 0.029047619047619*x24;
x87 = 0.246253968253968*x26;
x88 = 0.246253968253968*x29;
x89 = 0.246253968253968*x33;
x90 = 0.0925714285714286*x35;
x91 = 0.0925714285714286*x37;
x92 = 0.0925714285714286*x39;
x93 = x13.*x85 + x13.*x89 - x13.*x92 + x2.*x84 + x2.*x87 - x2.*x90 + x21.*x86 + x21.*x88 - x21.*x91 + x41;
x94 = x42.*x85 + x42.*x89 - x42.*x92 + x46.*x84 + x46.*x87 - x46.*x90 + x49.*x86 + x49.*x88 - x49.*x91 + x50;
x95 = x51.*x91;
x96 = x54.*x90;
x97 = x53.*x92;
x98 = 0.221301587301587*x26;
x99 = 0.221301587301587*x29;
x100 = 0.221301587301587*x33;
x101 = 0.0494285714285714*x7;
x102 = 0.0494285714285714*x16;
x103 = 0.0494285714285714*x24;
x104 = 0.122761904761905*x35;
x105 = 0.122761904761905*x37;
x106 = 0.122761904761905*x39;
x107 = x0 + x52;
x108 = 0.24352380952381*x26;
x109 = 0.24352380952381*x29;
x110 = 0.24352380952381*x33;
x111 = 0.0445714285714286*x7;
x112 = 0.0445714285714286*x16;
x113 = 0.0445714285714286*x24;
x114 = 0.116857142857143*x35;
x115 = 0.116857142857143*x37;
x116 = 0.116857142857143*x39;
x117 = 0.302666666666667*x26;
x118 = 0.302666666666667*x29;
x119 = 0.302666666666667*x33;
x120 = 0.0397777777777778*x7;
x121 = 0.0397777777777778*x16;
x122 = 0.0397777777777778*x24;
x123 = 0.0945714285714286*x35;
x124 = 0.0945714285714286*x37;
x125 = 0.0945714285714286*x39;
x126 = 0.0575555555555556*x7;
x127 = 0.0575555555555556*x16;
x128 = 0.0575555555555556*x24;
x129 = 0.287492063492064*x26;
x130 = 0.287492063492064*x29;
x131 = 0.287492063492064*x33;
x132 = 0.108444444444444*x35;
x133 = 0.108444444444444*x37;
x134 = 0.108444444444444*x39;
x135 = 0.0613015873015873*x7;
x136 = 0.0613015873015873*x16;
x137 = 0.0613015873015873*x24;
x138 = 0.267079365079365*x26;
x139 = 0.267079365079365*x29;
x140 = 0.267079365079365*x33;
x141 = 0.11568253968254*x35;
x142 = 0.11568253968254*x37;
x143 = 0.11568253968254*x39;
x144 = -x11 - x9;
x145 = 0.032952380952381*x7;
x146 = 0.032952380952381*x16;
x147 = 0.032952380952381*x24;
x148 = 0.371936507936508*x26;
x149 = 0.371936507936508*x29;
x150 = 0.371936507936508*x33;
x151 = 0.0712063492063492*x35;
x152 = 0.0712063492063492*x37;
x153 = 0.0712063492063492*x39;
x154 = 0.006*x7;
x155 = 0.006*x16;
x156 = 0.006*x24;
x157 = 0.0485396825396825*x35;
x158 = 0.0485396825396825*x37;
x159 = 0.0485396825396825*x39;
x160 = 0.140031746031746*x35;
x161 = 0.140031746031746*x37;
x162 = 0.140031746031746*x39;
x163 = 0.064031746031746*x7;
x164 = 0.064031746031746*x16;
x165 = 0.064031746031746*x24;
x166 = 0.0957142857142857*x26;
x167 = 0.0957142857142857*x29;
x168 = 0.0957142857142857*x33;
x169 = x13.*x162 + x13.*x164 + x13.*x168 + x160.*x2 + x161.*x21 + x163.*x2 + x165.*x21 + x166.*x2 + x167.*x21 + x41;
x170 = x160.*x46 + x161.*x49 + x162.*x42 + x163.*x46 + x164.*x42 + x165.*x49 + x166.*x46 + x167.*x49 + x168.*x42 + x50;
x171 = x160.*x54 + x161.*x51 + x162.*x53 + x163.*x54 + x164.*x53 + x165.*x51 + x166.*x54 + x167.*x51 + x168.*x53 + x55;
x172 = 0.0823174603174603*x26;
x173 = 0.0823174603174603*x29;
x174 = 0.0823174603174603*x33;
x175 = 0.148730158730159*x35;
x176 = 0.148730158730159*x37;
x177 = 0.148730158730159*x39;
x178 = 0.0833968253968254*x7;
x179 = 0.0833968253968254*x16;
x180 = 0.0833968253968254*x24;
x181 = 0.152539682539683*x35;
x182 = 0.152539682539683*x37;
x183 = 0.152539682539683*x39;
x184 = 0.0678730158730159*x26;
x185 = 0.0678730158730159*x29;
x186 = 0.0678730158730159*x33;
x187 = 0.109301587301587*x7;
x188 = 0.109301587301587*x16;
x189 = 0.109301587301587*x24;
x190 = 0.0857460317460317*x7;
x191 = 0.0857460317460317*x16;
x192 = 0.0857460317460317*x24;
x193 = 0.376444444444444*x26;
x194 = 0.376444444444444*x29;
x195 = 0.376444444444444*x33;
x196 = 0.0764444444444444*x35;
x197 = 0.0764444444444444*x37;
x198 = 0.0764444444444444*x39;
x199 = 0.311238095238095*x7;
x200 = 0.311238095238095*x16;
x201 = 0.311238095238095*x24;
x202 = 0.405269841269841*x26;
x203 = 0.405269841269841*x29;
x204 = 0.405269841269841*x33;
x205 = 0.0955238095238095*x35;
x206 = 0.0955238095238095*x37;
x207 = 0.0955238095238095*x39;
x208 = 0.328222222222222*x7;
x209 = 0.328222222222222*x16;
x210 = 0.328222222222222*x24;
x211 = 0.409301587301587*x26;
x212 = 0.409301587301587*x29;
x213 = 0.409301587301587*x33;
x214 = 0.0973968253968254*x35;
x215 = 0.0973968253968254*x37;
x216 = 0.0973968253968254*x39;
x217 = 0.366634920634921*x7;
x218 = 0.366634920634921*x16;
x219 = 0.366634920634921*x24;
x220 = 0.408031746031746*x26;
x221 = 0.408031746031746*x29;
x222 = 0.408031746031746*x33;
x223 = 0.098*x35;
x224 = 0.098*x37;
x225 = 0.098*x39;
x226 = 0.404571428571429*x26;
x227 = 0.404571428571429*x29;
x228 = 0.404571428571429*x33;
x229 = 0.404*x7;
x230 = 0.404*x16;
x231 = 0.404*x24;
x232 = 0.0912063492063492*x35;
x233 = 0.0912063492063492*x37;
x234 = 0.0912063492063492*x39;
x235 = qsubs2.*qsubs6;
x236 = qsubs2.*x47;
x237 = qsubs6.*x9;
x238 = x31.*x5;
x239 = qsubs5.*qsubs6;
x240 = qsubs6.^3;
x241 = qsubs10.*qsubs11;
x242 = qsubs11.*qsubs9;
x243 = qsubs10.*x242;
x244 = qsubs11.^2;
x245 = qsubs9.*x244;
x246 = qsubs10.^2;
x247 = qsubs11.^3;
x248 = qsubs10.*qsubs9;
x249 = qsubs11.^4;
x250 = qsubs9.^2;
x251 = qsubs10.*x250;
x252 = qsubs11.*x246;
x253 = qsubs6.*x248;
x254 = qsubs11.*qsubs6.*x5;
x255 = x242.*x31;
x256 = qsubs10.*qsubs6;
x257 = qsubs6.*qsubs7.^3;
x258 = qsubs9.*x240;
x259 = qsubs9.^3;
x260 = qsubs10.*x244;
x261 = qsubs9.*x246;
x262 = qsubs10.^3.*qsubs11;
x263 = x244.*x250;
x264 = qsubs11.*x250;
x265 = qsubs12.^2;
x266 = qsubs12.*x242;
x267 = qsubs10.*x265;
